{
  "n_total": 4589,
  "split_idx": 3442,
  "split_date": "2021-09-02",
  "date_start": "2008-01-02",
  "date_end": "2026-03-31",
  "mv_portfolio": {
    "weights": {
      "AAL": -0.07077703332013564,
      "DAL": 0.003028108979220831,
      "SPY": 1.0677489243409148
    },
    "ann_ret": 0.1082789908353579,
    "ann_vol": 0.20176959483178086
  },
  "ma_metrics": {
    "SMA": {
      "n_crossings": 489,
      "peak_corr_lag": -10,
      "peak_corr": 0.9976744692575401
    },
    "EMA": {
      "n_crossings": 529,
      "peak_corr_lag": -6,
      "peak_corr": 0.9978836825733957
    },
    "WMA": {
      "n_crossings": 620,
      "peak_corr_lag": -6,
      "peak_corr": 0.9979361585404393
    },
    "DEMA": {
      "n_crossings": 814,
      "peak_corr_lag": -3,
      "peak_corr": 0.9989223285282642
    },
    "TEMA": {
      "n_crossings": 970,
      "peak_corr_lag": -2,
      "peak_corr": 0.9991187668418592
    }
  },
  "signals": {
    "names": [
      "MACD",
      "RSI",
      "BB",
      "STOCH",
      "OBV",
      "VWAP",
      "KALMAN"
    ],
    "disagreement_matrix": [
      [
        0.0,
        0.9525,
        0.9877149877149877,
        0.9292088042831648,
        0.21667150740633168,
        0.4969503340110369,
        0.36131280859715365
      ],
      [
        0.9525,
        0.0,
        0.0,
        0.0,
        0.995,
        0.7325,
        1.0
      ],
      [
        0.9877149877149877,
        0.0,
        0.0,
        0.0,
        0.972972972972973,
        0.5651105651105651,
        0.9484029484029484
      ],
      [
        0.9292088042831648,
        0.0,
        0.0,
        0.0,
        0.9357525282569898,
        0.611540749553837,
        0.8828078524687686
      ],
      [
        0.21667150740633168,
        0.995,
        0.972972972972973,
        0.9357525282569898,
        0.0,
        0.4469939006680221,
        0.25733372059250653
      ],
      [
        0.4969503340110369,
        0.7325,
        0.5651105651105651,
        0.611540749553837,
        0.4469939006680221,
        0.0,
        0.36915480685448737
      ],
      [
        0.36131280859715365,
        1.0,
        0.9484029484029484,
        0.8828078524687686,
        0.25733372059250653,
        0.36915480685448737,
        0.0
      ]
    ]
  },
  "pdf": {
    "normal": {
      "params": [
        0.00013171301506210615,
        0.0439220626544836
      ],
      "logL": 5873.928751051521,
      "AIC": -11743.857502103043,
      "KS_p": 2.765311731702597e-34
    },
    "logistic": {
      "params": [
        2.7731289294899105e-05,
        0.020668602033084776
      ],
      "logL": 6311.152386178626,
      "AIC": -12618.304772357253,
      "KS_p": 1.4530609254551072e-08
    }
  },
  "bayes": {
    "normal": [
      [
        -0.02545,
        "D",
        "H"
      ],
      [
        0.02645,
        "H",
        "U"
      ]
    ],
    "logistic": [
      [
        -0.024750000000000008,
        "D",
        "H"
      ],
      [
        0.025749999999999995,
        "H",
        "U"
      ]
    ]
  },
  "bayes_accuracy": {
    "normal": 0.9337594421847762,
    "logistic": 0.9445090063916328
  },
  "top_rules": [
    {
      "pattern": "HHHHH",
      "outcome": "H",
      "support": 0.09426825720104742,
      "confidence": 0.7297297297297297
    },
    {
      "pattern": "HHHUH",
      "outcome": "H",
      "support": 0.020657550189118416,
      "confidence": 0.6826923076923077
    },
    {
      "pattern": "HUHHH",
      "outcome": "H",
      "support": 0.020366598778004074,
      "confidence": 0.7070707070707071
    },
    {
      "pattern": "HHHHU",
      "outcome": "H",
      "support": 0.019784695955775384,
      "confidence": 0.7311827956989247
    },
    {
      "pattern": "HHUHH",
      "outcome": "H",
      "support": 0.019784695955775384,
      "confidence": 0.723404255319149
    },
    {
      "pattern": "UHHHH",
      "outcome": "H",
      "support": 0.019493744544661042,
      "confidence": 0.6767676767676768
    },
    {
      "pattern": "HHHHH",
      "outcome": "U",
      "support": 0.018911841722432352,
      "confidence": 0.1463963963963964
    },
    {
      "pattern": "HHHHH",
      "outcome": "D",
      "support": 0.016002327611288916,
      "confidence": 0.12387387387387387
    },
    {
      "pattern": "DHHHH",
      "outcome": "H",
      "support": 0.015420424789060227,
      "confidence": 0.6708860759493671
    },
    {
      "pattern": "HHHHD",
      "outcome": "H",
      "support": 0.015129473377945884,
      "confidence": 0.611764705882353
    }
  ],
  "vix_past_median": 17.290000915527344,
  "s8_metrics": {
    "MACD (VIX-throttle)": {
      "final": 342512.4240477483,
      "total_ret": 2.425124240477483,
      "ann_ret": 0.310600413952538,
      "ann_vol": 0.1562045119315895,
      "sharpe": 1.7926833296612728,
      "sortino": 2.4599971914504195,
      "max_dd": -0.10087723709962271,
      "calmar": 3.0789940613242637,
      "hit_ratio": 0.7733217088055798
    },
    "RSI (VIX-throttle)": {
      "final": 57439.90057150051,
      "total_ret": -0.42560099428499487,
      "ann_ret": -0.11468385416621851,
      "ann_vol": 0.05948793643432689,
      "sharpe": -2.0585092517681973,
      "sortino": -0.8510519328694738,
      "max_dd": -0.4281116407063231,
      "calmar": -0.2678830549363398,
      "hit_ratio": 0.9380993897122929
    },
    "Ensemble (inv-vol)": {
      "final": 47190.12186698987,
      "total_ret": -0.5280987813301012,
      "ann_ret": -0.15210139529416744,
      "ann_vol": 0.10639301916936351,
      "sharpe": -1.5200291826130712,
      "sortino": -1.0505617309349928,
      "max_dd": -0.5427599055665178,
      "calmar": -0.2802369772236735,
      "hit_ratio": 0.8256320836965998
    },
    "Buy & Hold AAL": {
      "final": 54352.224932772195,
      "total_ret": -0.456477750672278,
      "ann_ret": -0.12536611200326742,
      "ann_vol": 0.48296016178322587,
      "sharpe": -0.042567445324235266,
      "sortino": -0.0642725069725311,
      "max_dd": -0.5925426953475001,
      "calmar": -0.21157312880170723,
      "hit_ratio": 0.4899738448125545
    }
  },
  "s9_metrics": {
    "Min-risk (p=p0, ATR-stop)": {
      "final": 174666.54392872518,
      "total_ret": 0.7466654392872518,
      "ann_ret": 0.1303536547139783,
      "ann_vol": 0.4111089522533904,
      "sharpe": 0.4954778119781415,
      "sortino": 0.77461146696659,
      "max_dd": -0.4791882418646667,
      "calmar": 0.27203016127176394,
      "hit_ratio": 0.5056669572798606
    },
    "Aggressive (p=0.7, gated)": {
      "final": 118571.23367327581,
      "total_ret": 0.18571233673275822,
      "ann_ret": 0.03813426348467508,
      "ann_vol": 0.3057928392673168,
      "sharpe": 0.26578234331648115,
      "sortino": 0.4136888980898911,
      "max_dd": -0.35701969251859866,
      "calmar": 0.10681277331134474,
      "hit_ratio": 0.4891020052310375
    },
    "Conservative (p=0.3, gated)": {
      "final": 142709.1838106036,
      "total_ret": 0.427091838106036,
      "ann_ret": 0.0812687198752089,
      "ann_vol": 0.16775690072788968,
      "sharpe": 0.5341922642248889,
      "sortino": 0.8825265375217459,
      "max_dd": -0.20671767781834138,
      "calmar": 0.3931387036314617,
      "hit_ratio": 0.5039232781168265
    }
  },
  "s10_metrics": {
    "Ensemble greed (p=p0)": {
      "final": 141872.79621943415,
      "total_ret": 0.4187279621943416,
      "ann_ret": 0.07987324573210475,
      "ann_vol": 0.05770535727366853,
      "sharpe": 1.31685329361504,
      "sortino": 1.0094736408496392,
      "max_dd": -0.054419760181610766,
      "calmar": 1.4677250591614164,
      "hit_ratio": 0.918918918918919
    },
    "Aggressive ensemble": {
      "final": 129905.80702452113,
      "total_ret": 0.29905807024521125,
      "ann_ret": 0.059167392095354154,
      "ann_vol": 0.05991332985391841,
      "sharpe": 0.9473349965889085,
      "sortino": 0.6414032166089814,
      "max_dd": -0.05962661624244425,
      "calmar": 0.9922983362795086,
      "hit_ratio": 0.9197907585004359
    },
    "Min-risk benchmark": {
      "final": 174666.54392872518,
      "total_ret": 0.7466654392872518,
      "ann_ret": 0.1303536547139783,
      "ann_vol": 0.4111089522533904,
      "sharpe": 0.4954778119781415,
      "sortino": 0.77461146696659,
      "max_dd": -0.4791882418646667,
      "calmar": 0.27203016127176394,
      "hit_ratio": 0.5056669572798606
    }
  }
}